Data: [0.0, 0.0, 0.0, 0.0, 0.0, 0.0, 0.0, 0.0, 0.0, 0.0, 0.0, 0.0, 0.0, 0.0, 0.0, 0.0, 0.0, 0.0, 0.0, 0.0, 0.0, 0.0, 0.0, 0.0, 0.0, 0.0, 0.0, 0.0, 0.0, 0.0, 0.0, 0.0, 0.0, 0.0, 0.0, 0.0, 0.0, 0.0, 0.0, 0.0, 0.0, 0.0, 0.0, 0.0, 0.0, 0.0, 0.0, 0.0, 0.0, 0.0, 0.0, 0.0, 0.0, 0.0, 0.0, 0.0, 0.0, 0.0, 0.0, 0.0, 0.0, 0.0, 0.0, 0.0, 0.0, 0.0, 0.0, 0.0, 0.0, 0.0, 0.0, 0.0, 0.0, 0.0, 0.0, 0.0, 0.13, 0.1431, 0.150597, 5.09282639, 10.39804805, 15.970806099999999, 16.80716416, 21.8656715, 31.68235795, 32.16690502, 36.57799023, 35.78062722, 38.82958169, 36.60875326, 38.32174508, 35.01378536, 35.79620805, 31.72650224, 27.111971930000003, 31.8955355, 27.74387665, 23.175067380000005, 18.36788702, 18.30038809, 13.9906274, 9.692123963, 5.532707149, 1.623250803, -1.943957434, -5.096126123, -7.78019416, -5.152449568, -1.5229059490000003, 2.899370487, 3.092438165, 7.983425930000001, 8.445812141, 8.608585366, 13.306823709999998, 13.4360335, 17.95924132, 22.73135111, 27.35430939, 26.994342560000003, 30.67054213, 29.35900548, 32.10785234, 29.91857894, 27.05067551, 28.46804216, 25.18963088, 21.483371800000004, 17.50323747, 13.39601945, 9.297642655, 5.460174256, 1.8726474699999998, -1.512306062, -4.513395059, 2.541026696, 1.413775474, 0.35683611, 4.2048856, 8.651983572, 23.124812240000004, 29.16661367, 34.83923655, 40.00942005, 39.76230259, 38.34702781, 40.73286966, 42.76814125, 39.61684143, 35.59216636, 30.9021938, 30.56415268, 25.64299109, 20.44465593, 19.96281461, 20.04027298, 15.80877733, 11.52616792, 12.136034409999999, 13.43083323, 10.49322716, 7.534584887]
Forecast: [6.91577648919953, 6.076875171632692, 4.700368708451157, 5.293213625839344, 6.309912910231035, 6.208503348650522, 8.16278493378952, 9.233169627530854, 10.76105563198652, 10.769228302639835, 10.696310287136807, 14.677416743477396, 16.246486660567893, 18.388083256917373, 20.49404996626705, 20.841122079736778, 20.98377800885886, 21.259952331870085, 22.30276955723569, 22.004056660431175, 22.73273717620753, 23.745829689735025, 23.972199411096497, 24.10891957489848, 23.942121637846828, 25.10485355874181, 24.94563943179421, 25.103459157354607, 24.682411118737086, 22.986559015555756, 22.75482072139457, 22.211259098373354, 21.84019792776607, 22.975959525669143, 22.913219110784755, 23.813326874251068]
95% Confidence: [0.3546114722498553, 0.5149138600150099, 0.7018659317419376, 0.9818072256396199, 0.9926876032828167, 0.879287974198293, 0.931966616824246, 0.9047073602267983, 0.8312368896494898, 0.6915102868419699, 0.6405820545040047, 1.06890664738975, 1.0164967839160142, 0.9385610264924588, 1.0052056696667615, 0.9037319802802218, 0.9117003182348283, 0.9356673090341617, 1.059476115795858, 0.9704658447498665, 0.9599035569569375, 1.3469404377901462, 1.1634313521209638, 0.9298449822181393, 0.5889923498215118, 0.9107045448493166, 0.7980722985666036, 0.8793921719253529, 0.9664306523442897, 0.8138180249714106, 0.760047855391195, 0.8738775789163891, 0.739217311770611, 0.8317945227453765, 0.9401932185641187, 0.8062226638960814]
Variance: [0.007653727087604165, 0.016137515932770113, 0.029983045327507132, 0.05867052475519347, 0.05997808972430968, 0.04705760144207801, 0.05286499663618466, 0.04981771100637401, 0.04205495046720651, 0.02910481054298776, 0.024975659450187523, 0.0695419752899892, 0.06288969625147743, 0.05361575998019121, 0.061500313562140654, 0.049710336762214286, 0.05059080954741759, 0.05328566110289408, 0.06832031569084109, 0.05732286994957656, 0.05608188736788259, 0.11042419846221165, 0.08238517164203746, 0.05262456715225285, 0.021114787133478384, 0.05048036334236356, 0.03876608274577033, 0.04706874414626189, 0.056847174066716834, 0.0403108633402166, 0.03516003879614749, 0.04648027692749296, 0.03325919702281033, 0.04211139588156424, 0.05380241272243846, 0.03956192724037246]
