Data: [0.0, 0.0, 0.0, 0.0, 0.0, 0.0, 0.0, 0.0, 0.0, 0.0, 0.0, 0.0, 0.0, 0.0, 0.0, 0.0, 0.0, 0.0, 0.0, 0.0, 0.0, 0.0, 0.0, 0.0, 0.0, 0.0, 0.0, 0.0, 0.0, 0.0, 0.0, 0.0, 0.0, 0.0, 0.0, 0.0, 0.0, 0.0, 0.0, 0.0, 0.0, 0.0, 0.0, 0.0, 0.0, 0.0, 0.0, 0.0, 0.0, 0.0, 0.0, 0.0, 0.0, 0.0, 0.0, 0.0, 0.0, 0.0, 0.0, 0.0, 0.0, 0.0, 0.0, 0.0, 0.0, 0.0, 0.0, 0.0, 0.0, 0.0, 0.0, 0.0, 0.0, 0.0, 0.0, 0.0, 0.0, 0.0, 0.13, 0.1431, 0.150597, 0.28282639, 0.293348049, 0.294017101, 0.545798735, 0.686028243, 0.691653953, 1.195967474, 1.213970618, 1.323754329, 1.41284704, 1.350645068, 1.254143941, 1.389668609, 1.399950751, 1.397206157, 1.642819838, 2.034587555, 2.316140874, 2.460054635, 3.225775381, 3.37815079, 3.343944135, 3.112839822, 3.201460745, 3.535175754, 3.489463989, 3.663639481, 3.440488239, 3.166437474, 3.114798662, 2.804879771, 2.731806376, 2.674086129, 2.501915323, 2.071904138, 1.622736947, 1.299804367, 0.870170914, 0.717395679, 0.48837609700000006, 0.16760719, 0.0038869580000000003, -0.113577859, -0.185888859, -0.215392093, -0.075483241, -0.147300777, -0.077517536, 0.017612907, 0.262701919, 0.275400972, 0.27856809, 0.663061454, 0.949213638, 1.368274194, 1.664380469, 1.940944702, 2.061624171, 2.138386968, 2.043321876, 2.026463637, 1.8504973129999998, 1.766612702, 1.538118171, 1.416329548, 1.2942299, 1.175513321, 0.933403, 0.817501621, 0.718665331, 0.63815271, 0.70654677, 0.676905021, 0.529920296, 0.511736435, 0.510018867, 0.52317249, 0.419315575, 0.313264885, 0.208421318, 0.237809467]
Forecast: [0.2736001071002716, 0.20266017872675532, 0.20274657133025228, 0.28690945406598173, 0.38980656604596375, 0.40696662105840936, 0.5340788018557103, 0.5687928512340511, 0.6722787431373914, 0.6337669131240626, 0.6569010234923823, 0.8000036426616106, 0.961162015703047, 1.0579152897066963, 1.200846816035887, 1.1819153441524974, 1.2206348439691137, 1.202495945746115, 1.2978638809147953, 1.2809050537927067, 1.168302162725642, 1.3048288990123293, 1.2487175445027314, 1.3120919920641085, 1.2471870988493772, 1.2974078153163033, 1.329405124397379, 1.34716940900572, 1.2729564975311278, 1.219222864002703, 1.250549559029209, 1.2351422502587053, 1.176707985620327, 1.2772327266824175, 1.3223390010223246, 1.2577277061782766]
95% Confidence: [0.014945272119242485, 0.023042176627852858, 0.01615917349912843, 0.023544040201085623, 0.020963629274634975, 0.024654589481594623, 0.022597512328120205, 0.026475538794282924, 0.02920754451445662, 0.034718375832575935, 0.03717233862753784, 0.03450154472832525, 0.059969159579053334, 0.051774162615548264, 0.04982684194204968, 0.06563941459408384, 0.05188035523002834, 0.07882098785459045, 0.08211580794865124, 0.05899667639270714, 0.06069275563785288, 0.09569518980480195, 0.07531175578565807, 0.08171149602353378, 0.06395945377938517, 0.07378976514302503, 0.07807943086906073, 0.0677278909550496, 0.07582757285620526, 0.07569825008931184, 0.06634139202982822, 0.06970112940959727, 0.07673034144244681, 0.06977884180838267, 0.08442033405896243, 0.07595428200800078]
Variance: [0.00015870214583133771, 0.0003772437301203149, 0.0001855296994049357, 0.0003938556787413556, 0.0003122540453972362, 0.00043188747300460564, 0.00036282430409450135, 0.0004980405000712534, 0.0006061291370574767, 0.0008564339631330786, 0.0009817815016453062, 0.0008457698761389242, 0.0025552361149675774, 0.0019045888343548153, 0.0017640132986397547, 0.0030612905142368796, 0.0019124096339713412, 0.00441427008173003, 0.004791028157339611, 0.002473034550759053, 0.0026172717279589683, 0.006506617817409163, 0.004029959477374776, 0.004743965172419221, 0.0029065956778671215, 0.003868720153917938, 0.004331599576627229, 0.003259194020964419, 0.004085351227900854, 0.004071428438857833, 0.0031271183854924543, 0.0034518724300150174, 0.0041832078262111615, 0.003459574235079926, 0.005063715048217309, 0.004099016408667255]
