Data: [0.0, 0.0, 0.0, 0.0, 0.0, 0.0, 0.0, 0.0, 0.0, 0.0, 0.0, 0.0, 0.0, 0.0, 0.0, 0.0, 0.0, 0.0, 0.0, 0.0, 0.0, 0.0, 0.0, 0.0, 0.0, 0.0, 0.0, 0.0, 0.0, 0.0, 0.0, 0.0, 0.0, 0.0, 0.0, 0.0, 0.0, 0.0, 0.0, 0.0, 0.0, 0.0, 0.0, 0.0, 0.0, 0.0, 0.0, 0.0, 0.0, 0.0, 0.0, 0.0, 0.0, 0.0, 0.0, 0.0, 0.0, 0.0, 0.0, 0.0, 0.0, 0.0, 0.0, 0.0, 0.0, 0.0, 0.0, 0.0, 0.0, 0.0, 0.0, 0.0, 0.0, 0.0, 0.0, 0.0, 0.0, 0.0, 0.0, 0.0, 0.0, 0.0, 0.0, 0.0, 0.39, 0.4293, 0.451791, 0.45847917, 0.450744148, 0.43026030400000004, 0.398917035, 0.358740581, 0.311819556, 0.260236047, 0.466003807, 0.9572146770000001, 1.100588019, 1.226606387, 1.333224726, 1.6791844899999997, 2.290172743, 2.531356988, 3.122482099, 3.580820235, 3.875899952, 4.765194698, 4.882604128, 5.811794491, 7.263711984, 7.962526368, 8.432583522, 10.73265746, 11.55074427, 13.250500079999998, 14.372765300000001, 14.17162104, 14.725442579999998, 15.27211869, 15.565963619999998, 16.37344515, 16.72897518, 17.74708294, 17.17096745, 16.76733447, 16.62104476, 17.06075268, 17.38466723, 16.13465031, 15.22559556, 14.90067843, 15.001232659999998, 16.74169448, 16.75585929, 16.45593183, 16.47231917, 17.9028982, 17.38333238, 18.15422317, 20.13339819, 19.51065376, 19.18486416, 19.77610759, 19.46494346, 20.09094743, 20.61162258, 20.86188154, 21.19125816, 23.17195937, 23.71943168, 24.68057381, 28.31518451, 29.80687861, 31.38519693, 32.27412752, 33.17594122, 35.03229532, 35.49204514, 36.20105863, 38.79313902, 41.92221719, 41.92072103, 50.60175285]
Forecast: [43.388962014018894, 39.44025136676363, 39.7832783955112, 38.89646069065601, 38.46594867970597, 37.71422508771815, 37.477358729299574, 36.53497843938839, 36.068891534792954, 34.50705568052643, 31.263889125758805, 33.811123897156875, 33.57990970920812, 33.677317658777554, 34.94772289850522, 32.26039332126274, 30.566838369473405, 31.79968713818179, 32.03022571984174, 35.4545723878923, 37.49211348807136, 35.75061763467173, 37.10151955405194, 36.74542678225462, 38.58925587571313, 40.105630062161346, 41.886983670501536, 42.40075812434897, 44.43136521176917, 43.47598553299731, 41.93596512644059, 42.5938729433678, 41.80375742079819, 44.10537311301814, 46.70876464107442, 43.88279100184878]
95% Confidence: [0.7666355178196769, 0.849884906661398, 0.9785972357384082, 0.9360239544603766, 1.3229356079982941, 1.251605797268389, 1.2442095672605968, 2.2448153753301487, 1.9270536466058832, 1.6147610488128052, 1.7643597726993876, 2.483062730308954, 2.1620856510075934, 2.5214695528820408, 3.7680459099750068, 3.842308688965979, 3.0141322527351133, 3.319733256766936, 3.1415383279677203, 2.909767292648098, 3.1529308898178305, 2.4987113855711334, 3.067364146899667, 2.8752288061946443, 3.0090058261100263, 2.935679734521152, 3.1705675316653443, 2.658969382116005, 3.430328724403588, 2.8468007488293385, 2.9373678077120933, 2.4798023267455234, 2.1286191994214634, 2.7454562238889966, 2.691018266935426, 3.681393748247972]
Variance: [0.030234318064726415, 0.03715715593929266, 0.049264067997036816, 0.04507089442637097, 0.09003257895294133, 0.08058558978889531, 0.07963598381997795, 0.25922892186568386, 0.19103366323476503, 0.13413396822265414, 0.16013882526956158, 0.31717408414988135, 0.24047399043736495, 0.32706170660078676, 0.7303896362878364, 0.7594632332000295, 0.46735493880394297, 0.5669290604622055, 0.5076998409408895, 0.4355507821833092, 0.5113887662666105, 0.3211844125789586, 0.48400852071949013, 0.4252722920873545, 0.4657666325293952, 0.4433427809978443, 0.5171258587880743, 0.36370474717273493, 0.6053322071640218, 0.4169043596472891, 0.4438527845732873, 0.3163416406868777, 0.23308709148741205, 0.38774958724454883, 0.3725251416649005, 0.6971831347776759]
