Data: [0.0, 0.0, 0.0, 0.0, 0.0, 0.0, 0.0, 0.0, 0.0, 0.0, 0.0, 0.0, 0.0, 0.0, 0.0, 0.0, 0.0, 0.0, 0.0, 0.0, 0.0, 0.0, 0.0, 0.0, 0.0, 0.0, 0.0, 0.0, 0.0, 0.0, 0.0, 0.0, 0.0, 0.0, 0.0, 0.0, 0.0, 0.0, 0.0, 0.0, 0.0, 0.0, 0.0, 0.0, 0.0, 0.0, 0.0, 0.0, 0.0, 0.0, 0.0, 0.0, 0.0, 0.0, 0.0, 0.0, 0.0, 0.0, 0.0, 0.0, 0.0, 0.0, 0.0, 0.0, 0.0, 0.0, 0.0, 0.0, 0.0, 0.0, 0.0, 0.0, 0.0, 0.0, 0.0, 0.0, 0.0, 0.0, 0.0, 0.0, 0.13, 0.1431, 0.150597, 0.15282639, 0.150248049, 0.273420101, 0.406072345, 0.413277194, 0.407363242, 0.389819788, 0.49233608600000006, 0.46983067199999995, 0.43548087800000007, 0.391501638, 0.340175273, 0.283776286, 0.224503909, 0.164423653, 0.105418712, 0.049151704, -0.002963154, 0.080222369, 0.052682668, 0.026316457, 0.001797373, -0.020323723, 0.090377002, 0.347296344, 0.368104862, 0.375789382, 0.371431769, 0.486366964, 0.475217631, 0.45092670199999996, 0.545537064, 0.514320279, 0.47079556400000006, 0.547499453, 0.50010797, 0.702452396, 0.663488808, 0.738516914, 0.683886702, 0.61420291, 0.66306141, 0.587142218, 0.501200679, 0.668817273, 0.859607689, 0.805530833, 0.732695738, 0.77516328, 0.69012917, 0.592894595, 0.48759664, 0.508200582, 0.411498111, 0.442120945, 0.356417867, 0.26859256, 0.311492008, 0.24075674999999996, 0.169872316, 0.360980155, 0.322147806, 0.277534258, 0.229056037, 0.178553957, 0.127745466, 0.07818546, 0.031235891, -0.011955798, 0.079530356, 0.189481984, 0.18275399, 0.171216175, 0.155695657, 0.13705632, 0.246169228, 0.366985768, 0.494711081, 0.494822531]
Forecast: [0.4652919095782441, 0.4537388735950109, 0.4607718669969308, 0.4506584260715328, 0.4478935960715007, 0.4641371900772856, 0.4735399792088205, 0.4845316156458851, 0.5124361499375619, 0.4904350979594334, 0.4486083467942398, 0.45997939033538204, 0.48080650908344613, 0.4887950652795656, 0.49162424846294966, 0.4736622297625449, 0.47441889203304033, 0.48836652226558785, 0.5006759130996508, 0.5529731218953353, 0.5887677868534985, 0.5575539823338451, 0.5858352594258303, 0.5816734119916617, 0.5903361907512595, 0.5973497654776299, 0.6214654036262361, 0.6514427662504673, 0.6686049814539575, 0.6724970681314794, 0.6453171732284548, 0.6737237750708213, 0.6481346744645425, 0.6751000929141344, 0.7155940261187107, 0.7050358514102749]
95% Confidence: [0.007889747993048356, 0.0108383493062578, 0.009068232475194705, 0.01151758184960057, 0.011537364785431221, 0.01030094770774243, 0.007831421516059244, 0.015555073225563551, 0.011382454094514985, 0.011447529393852542, 0.012528529819091975, 0.01757057739733047, 0.019697754964949004, 0.016161879617041672, 0.024914171938255725, 0.023329453983339684, 0.02508537907374194, 0.0297786638446826, 0.03502337783753002, 0.028858793754585388, 0.026592251004041376, 0.029426332087203345, 0.0285285994153243, 0.03260260168002075, 0.0290551740774885, 0.035981630553804426, 0.03288469765075343, 0.035976292339401174, 0.0391245675289113, 0.03477118803615066, 0.03650240266977865, 0.03586663318281749, 0.0297235396558778, 0.027439943119608217, 0.028891053605754176, 0.034848488070631845]
Variance: [0.00018850109282560833, 0.000355724531774783, 0.0002490192358623674, 0.00040170773892170085, 0.0004030888257726924, 0.00032132312536485694, 0.00018572432119272242, 0.0007327092549482445, 0.00039233709315810204, 0.00039683600784254727, 0.0004753218396312275, 0.0009348880211096024, 0.0011749542596376597, 0.0007909905996882596, 0.0018796653085614038, 0.0016481497799145021, 0.001905587631270422, 0.0026853317948553673, 0.0037145282037081033, 0.0025219932818670485, 0.0021413999301601342, 0.0026221638584175934, 0.0024646112797492973, 0.0032187859727545337, 0.0025564340914323675, 0.0039205702303493194, 0.003274727945904401, 0.003919406598880344, 0.004635393805144613, 0.0036612265171662036, 0.0040348787090906035, 0.0038955495519071978, 0.00267539929762268, 0.0022801006382873685, 0.002527635113218777, 0.0036775233620222054]
