Data: [0.0, 0.0, 0.0, 0.0, 0.0, 0.0, 0.0, 0.0, 0.0, 0.0, 0.0, 0.0, 0.0, 0.0, 0.0, 0.0, 0.0, 0.0, 0.0, 0.0, 0.0, 0.0, 0.0, 0.0, 0.0, 0.0, 0.0, 0.0, 0.0, 0.0, 0.0, 0.0, 0.0, 0.0, 0.0, 0.0, 0.0, 0.0, 0.0, 0.0, 0.0, 0.0, 0.0, 0.0, 0.0, 0.0, 0.0, 0.0, 0.0, 0.0, 0.0, 0.0, 0.0, 0.0, 0.0, 0.0, 0.0, 0.0, 0.0, 0.0, 0.0, 0.0, 0.0, 0.0, 0.0, 0.0, 0.0, 0.0, 0.0, 0.0, 0.0, 0.0, 0.0, 0.0, 0.0, 0.0, 0.0, 0.13, 0.1431, 0.150597, 0.15282639, 0.150248049, 0.143420101, 0.132972345, 0.119580194, 0.103939852, 0.086745349, 0.068667936, 0.050338226, 0.03233134, 0.015155201999999998, -0.000757977, -0.0150571, -0.027474597000000003, -0.037826107, -0.046007682, -0.051990869, -0.055816012, -0.05758416, -0.057447968, -0.055601957, -0.052272488, 0.342292209, 0.38713167, 0.415873235, 0.42926444599999997, 0.428438602, 0.41484218500000003, 0.390160144, 0.486241503, 0.458127481, 0.419081037, 0.371366806, 0.317282994, 0.259089073, 0.198941872, 0.138841135, 0.210585238, 0.168837373, 0.256199174, 0.35713881900000005, 0.337270335, 0.30927059, 0.404792701, 0.378618821, 0.343703763, 0.30196909899999996, 0.255348828, 0.335730119, 0.688001378, 0.684405469, 0.920636987, 0.905626244, 0.994947788, 1.335488743, 1.301910941, 1.232633591, 1.393304968, 1.816110059, 2.132151338, 2.18262395, 2.062570581, 1.8926454329999998, 1.812933436, 1.586804636, 1.3356845760000002, 1.329605986, 1.344247074, 1.377096642, 1.555348354, 2.019114444, 2.005930491, 2.223887019, 2.9633312840000006, 2.969931184, 3.696773158, 4.32002774, 4.281356032, 4.408110813, 4.219946792, 4.08400077, 3.899129326]
Forecast: [3.3543901483930583, 2.957259343670798, 2.7591893448937856, 2.7562870760048113, 2.630314785895294, 2.4233611538206983, 2.500923146942656, 2.354495457610497, 2.2510476747718444, 2.2056799519047194, 1.8264773444035982, 2.214664741595771, 2.0324819455867424, 2.2582095474294266, 2.3724658252242383, 2.123938097781472, 2.0537473841887706, 2.1669211572015277, 2.3341564539263144, 2.6307793170736127, 2.5631009604532426, 2.6852603113886886, 2.747568708607207, 2.6338129579021565, 2.8032535953765, 2.9472296215724088, 3.0645255833049845, 3.092901659508163, 3.1698354320150983, 3.128102245228109, 3.108204125773122, 3.059656676480652, 2.9192815551483484, 3.1130307308329135, 3.2247990868361534, 2.9996086648543696]
95% Confidence: [0.09469894536181463, 0.08470695985306681, 0.05876183107341729, 0.08806530285174959, 0.09682044618168723, 0.13040330141627932, 0.10233640907287805, 0.1270809707505311, 0.15990076849562496, 0.11577638250757251, 0.13565642189937605, 0.1719878572751381, 0.2287483353781655, 0.1952962773309075, 0.2211559404531207, 0.2763433052657706, 0.2647122577529813, 0.2618385951038485, 0.3663556141586593, 0.26390331861358834, 0.29730504478649866, 0.28649865178137335, 0.30659550413794423, 0.3724793200637921, 0.3404874282818665, 0.3374093837377482, 0.33685877109602663, 0.3494407215504064, 0.40907599538554534, 0.3533031551027106, 0.3080173426399072, 0.2997985170425167, 0.297173048830216, 0.3034576525183368, 0.3204458178258847, 0.36469934243053415]
Variance: [0.005295728097934981, 0.004237147377688134, 0.0020390409370184904, 0.004579784383436584, 0.005535660471380057, 0.010041821659292235, 0.006184373569460377, 0.009536661655975246, 0.015098592409896134, 0.007915444169334743, 0.010867160737922559, 0.017467506619366344, 0.030899482787239498, 0.022522846647440864, 0.028882350815295364, 0.04509550789221732, 0.04137932825701221, 0.04048578969390949, 0.07925761895673028, 0.04112681086229367, 0.0521963254408847, 0.048470843030208814, 0.05550944775474371, 0.08192937935623684, 0.06846010176827211, 0.06722791918794356, 0.06700866763154793, 0.07210782430684207, 0.09881964793656665, 0.07371067692003967, 0.05602548904949287, 0.053075523935708774, 0.05214998809457459, 0.05437903737385057, 0.06063796195315856, 0.0785426189648759]
